-495.0  0.0  0.0  
-495.0  0.0  10.0  
-495.0  0.0  20.0  
-495.0  0.0  30.0  
-495.0  0.0  40.0  
-495.0  0.0  50.0  
-495.0  30.0  0.0  
-495.0  30.0  10.0  
-495.0  30.0  20.0  
-495.0  30.0  30.0  
-495.0  30.0  40.0  
-495.0  30.0  50.0  
-495.0  60.0  0.0  
-495.0  60.0  10.0  
-495.0  60.0  20.0  
-495.0  60.0  30.0  
-495.0  60.0  40.0  
-495.0  60.0  50.0  
-495.0  90.0  0.0  
-495.0  90.0  10.0  
-495.0  90.0  20.0  
-495.0  90.0  30.0  
-495.0  90.0  40.0  
-495.0  90.0  50.0  
-495.0  120.0  0.0  
-495.0  120.0  10.0  
-495.0  120.0  20.0  
-495.0  120.0  30.0  
-495.0  120.0  40.0  
-495.0  120.0  50.0  
-495.0  150.0  0.0  
-495.0  150.0  10.0  
-495.0  150.0  20.0  
-495.0  150.0  30.0  
-495.0  150.0  40.0  
-495.0  150.0  50.0  
-445.0  0.0  0.0  
-445.0  0.0  10.0  
-445.0  0.0  20.0  
-445.0  0.0  30.0  
-445.0  0.0  40.0  
-445.0  0.0  50.0  
-445.0  30.0  0.0  
-445.0  30.0  10.0  
-445.0  30.0  20.0  
-445.0  30.0  30.0  
-445.0  30.0  40.0  
-445.0  30.0  50.0  
-445.0  60.0  0.0  
-445.0  60.0  10.0  
-445.0  60.0  20.0  
-445.0  60.0  30.0  
-445.0  60.0  40.0  
-445.0  60.0  50.0  
-445.0  90.0  0.0  
-445.0  90.0  10.0  
-445.0  90.0  20.0  
-445.0  90.0  30.0  
-445.0  90.0  40.0  
-445.0  90.0  50.0  
-445.0  120.0  0.0  
-445.0  120.0  10.0  
-445.0  120.0  20.0  
-445.0  120.0  30.0  
-445.0  120.0  40.0  
-445.0  120.0  50.0  
-445.0  150.0  0.0  
-445.0  150.0  10.0  
-445.0  150.0  20.0  
-445.0  150.0  30.0  
-445.0  150.0  40.0  
-445.0  150.0  50.0  
-395.0  0.0  0.0  
-395.0  0.0  10.0  
-395.0  0.0  20.0  
-395.0  0.0  30.0  
-395.0  0.0  40.0  
-395.0  0.0  50.0  
-395.0  30.0  0.0  
-395.0  30.0  10.0  
-395.0  30.0  20.0  
-395.0  30.0  30.0  
-395.0  30.0  40.0  
-395.0  30.0  50.0  
-395.0  60.0  0.0  
-395.0  60.0  10.0  
-395.0  60.0  20.0  
-395.0  60.0  30.0  
-395.0  60.0  40.0  
-395.0  60.0  50.0  
-395.0  90.0  0.0  
-395.0  90.0  10.0  
-395.0  90.0  20.0  
-395.0  90.0  30.0  
-395.0  90.0  40.0  
-395.0  90.0  50.0  
-395.0  120.0  0.0  
-395.0  120.0  10.0  
-395.0  120.0  20.0  
-395.0  120.0  30.0  
-395.0  120.0  40.0  
-395.0  120.0  50.0  
-395.0  150.0  0.0  
-395.0  150.0  10.0  
-395.0  150.0  20.0  
-395.0  150.0  30.0  
-395.0  150.0  40.0  
-395.0  150.0  50.0  
-345.0  0.0  0.0  
-345.0  0.0  10.0  
-345.0  0.0  20.0  
-345.0  0.0  30.0  
-345.0  0.0  40.0  
-345.0  0.0  50.0  
-345.0  30.0  0.0  
-345.0  30.0  10.0  
-345.0  30.0  20.0  
-345.0  30.0  30.0  
-345.0  30.0  40.0  
-345.0  30.0  50.0  
-345.0  60.0  0.0  
-345.0  60.0  10.0  
-345.0  60.0  20.0  
-345.0  60.0  30.0  
-345.0  60.0  40.0  
-345.0  60.0  50.0  
-345.0  90.0  0.0  
-345.0  90.0  10.0  
-345.0  90.0  20.0  
-345.0  90.0  30.0  
-345.0  90.0  40.0  
-345.0  90.0  50.0  
-345.0  120.0  0.0  
-345.0  120.0  10.0  
-345.0  120.0  20.0  
-345.0  120.0  30.0  
-345.0  120.0  40.0  
-345.0  120.0  50.0  
-345.0  150.0  0.0  
-345.0  150.0  10.0  
-345.0  150.0  20.0  
-345.0  150.0  30.0  
-345.0  150.0  40.0  
-345.0  150.0  50.0  
-295.0  0.0  0.0  
-295.0  0.0  10.0  
-295.0  0.0  20.0  
-295.0  0.0  30.0  
-295.0  0.0  40.0  
-295.0  0.0  50.0  
-295.0  30.0  0.0  
-295.0  30.0  10.0  
-295.0  30.0  20.0  
-295.0  30.0  30.0  
-295.0  30.0  40.0  
-295.0  30.0  50.0  
-295.0  60.0  0.0  
-295.0  60.0  10.0  
-295.0  60.0  20.0  
-295.0  60.0  30.0  
-295.0  60.0  40.0  
-295.0  60.0  50.0  
-295.0  90.0  0.0  
-295.0  90.0  10.0  
-295.0  90.0  20.0  
-295.0  90.0  30.0  
-295.0  90.0  40.0  
-295.0  90.0  50.0  
-295.0  120.0  0.0  
-295.0  120.0  10.0  
-295.0  120.0  20.0  
-295.0  120.0  30.0  
-295.0  120.0  40.0  
-295.0  120.0  50.0  
-295.0  150.0  0.0  
-295.0  150.0  10.0  
-295.0  150.0  20.0  
-295.0  150.0  30.0  
-295.0  150.0  40.0  
-295.0  150.0  50.0  
-245.0  0.0  0.0  
-245.0  0.0  10.0  
-245.0  0.0  20.0  
-245.0  0.0  30.0  
-245.0  0.0  40.0  
-245.0  0.0  50.0  
-245.0  30.0  0.0  
-245.0  30.0  10.0  
-245.0  30.0  20.0  
-245.0  30.0  30.0  
-245.0  30.0  40.0  
-245.0  30.0  50.0  
-245.0  60.0  0.0  
-245.0  60.0  10.0  
-245.0  60.0  20.0  
-245.0  60.0  30.0  
-245.0  60.0  40.0  
-245.0  60.0  50.0  
-245.0  90.0  0.0  
-245.0  90.0  10.0  
-245.0  90.0  20.0  
-245.0  90.0  30.0  
-245.0  90.0  40.0  
-245.0  90.0  50.0  
-245.0  120.0  0.0  
-245.0  120.0  10.0  
-245.0  120.0  20.0  
-245.0  120.0  30.0  
-245.0  120.0  40.0  
-245.0  120.0  50.0  
-245.0  150.0  0.0  
-245.0  150.0  10.0  
-245.0  150.0  20.0  
-245.0  150.0  30.0  
-245.0  150.0  40.0  
-245.0  150.0  50.0  
-195.0  0.0  0.0  
-195.0  0.0  10.0  
-195.0  0.0  20.0  
-195.0  0.0  30.0  
-195.0  0.0  40.0  
-195.0  0.0  50.0  
-195.0  30.0  0.0  
-195.0  30.0  10.0  
-195.0  30.0  20.0  
-195.0  30.0  30.0  
-195.0  30.0  40.0  
-195.0  30.0  50.0  
-195.0  60.0  0.0  
-195.0  60.0  10.0  
-195.0  60.0  20.0  
-195.0  60.0  30.0  
-195.0  60.0  40.0  
-195.0  60.0  50.0  
-195.0  90.0  0.0  
-195.0  90.0  10.0  
-195.0  90.0  20.0  
-195.0  90.0  30.0  
-195.0  90.0  40.0  
-195.0  90.0  50.0  
-195.0  120.0  0.0  
-195.0  120.0  10.0  
-195.0  120.0  20.0  
-195.0  120.0  30.0  
-195.0  120.0  40.0  
-195.0  120.0  50.0  
-195.0  150.0  0.0  
-195.0  150.0  10.0  
-195.0  150.0  20.0  
-195.0  150.0  30.0  
-195.0  150.0  40.0  
-195.0  150.0  50.0  
-145.0  0.0  0.0  
-145.0  0.0  10.0  
-145.0  0.0  20.0  
-145.0  0.0  30.0  
-145.0  0.0  40.0  
-145.0  0.0  50.0  
-145.0  30.0  0.0  
-145.0  30.0  10.0  
-145.0  30.0  20.0  
-145.0  30.0  30.0  
-145.0  30.0  40.0  
-145.0  30.0  50.0  
-145.0  60.0  0.0  
-145.0  60.0  10.0  
-145.0  60.0  20.0  
-145.0  60.0  30.0  
-145.0  60.0  40.0  
-145.0  60.0  50.0  
-145.0  90.0  0.0  
-145.0  90.0  10.0  
-145.0  90.0  20.0  
-145.0  90.0  30.0  
-145.0  90.0  40.0  
-145.0  90.0  50.0  
-145.0  120.0  0.0  
-145.0  120.0  10.0  
-145.0  120.0  20.0  
-145.0  120.0  30.0  
-145.0  120.0  40.0  
-145.0  120.0  50.0  
-145.0  150.0  0.0  
-145.0  150.0  10.0  
-145.0  150.0  20.0  
-145.0  150.0  30.0  
-145.0  150.0  40.0  
-145.0  150.0  50.0  
-95.0  0.0  0.0  
-95.0  0.0  10.0  
-95.0  0.0  20.0  
-95.0  0.0  30.0  
-95.0  0.0  40.0  
-95.0  0.0  50.0  
-95.0  30.0  0.0  
-95.0  30.0  10.0  
-95.0  30.0  20.0  
-95.0  30.0  30.0  
-95.0  30.0  40.0  
-95.0  30.0  50.0  
-95.0  60.0  0.0  
-95.0  60.0  10.0  
-95.0  60.0  20.0  
-95.0  60.0  30.0  
-95.0  60.0  40.0  
-95.0  60.0  50.0  
-95.0  90.0  0.0  
-95.0  90.0  10.0  
-95.0  90.0  20.0  
-95.0  90.0  30.0  
-95.0  90.0  40.0  
-95.0  90.0  50.0  
-95.0  120.0  0.0  
-95.0  120.0  10.0  
-95.0  120.0  20.0  
-95.0  120.0  30.0  
-95.0  120.0  40.0  
-95.0  120.0  50.0  
-95.0  150.0  0.0  
-95.0  150.0  10.0  
-95.0  150.0  20.0  
-95.0  150.0  30.0  
-95.0  150.0  40.0  
-95.0  150.0  50.0  
-45.0  0.0  0.0  
-45.0  0.0  10.0  
-45.0  0.0  20.0  
-45.0  0.0  30.0  
-45.0  0.0  40.0  
-45.0  0.0  50.0  
-45.0  30.0  0.0  
-45.0  30.0  10.0  
-45.0  30.0  20.0  
-45.0  30.0  30.0  
-45.0  30.0  40.0  
-45.0  30.0  50.0  
-45.0  60.0  0.0  
-45.0  60.0  10.0  
-45.0  60.0  20.0  
-45.0  60.0  30.0  
-45.0  60.0  40.0  
-45.0  60.0  50.0  
-45.0  90.0  0.0  
-45.0  90.0  10.0  
-45.0  90.0  20.0  
-45.0  90.0  30.0  
-45.0  90.0  40.0  
-45.0  90.0  50.0  
-45.0  120.0  0.0  
-45.0  120.0  10.0  
-45.0  120.0  20.0  
-45.0  120.0  30.0  
-45.0  120.0  40.0  
-45.0  120.0  50.0  
-45.0  150.0  0.0  
-45.0  150.0  10.0  
-45.0  150.0  20.0  
-45.0  150.0  30.0  
-45.0  150.0  40.0  
-45.0  150.0  50.0  
5.0  0.0  0.0  
5.0  0.0  10.0  
5.0  0.0  20.0  
5.0  0.0  30.0  
5.0  0.0  40.0  
5.0  0.0  50.0  
5.0  30.0  0.0  
5.0  30.0  10.0  
5.0  30.0  20.0  
5.0  30.0  30.0  
5.0  30.0  40.0  
5.0  30.0  50.0  
5.0  60.0  0.0  
5.0  60.0  10.0  
5.0  60.0  20.0  
5.0  60.0  30.0  
5.0  60.0  40.0  
5.0  60.0  50.0  
5.0  90.0  0.0  
5.0  90.0  10.0  
5.0  90.0  20.0  
5.0  90.0  30.0  
5.0  90.0  40.0  
5.0  90.0  50.0  
5.0  120.0  0.0  
5.0  120.0  10.0  
5.0  120.0  20.0  
5.0  120.0  30.0  
5.0  120.0  40.0  
5.0  120.0  50.0  
5.0  150.0  0.0  
5.0  150.0  10.0  
5.0  150.0  20.0  
5.0  150.0  30.0  
5.0  150.0  40.0  
5.0  150.0  50.0  
55.0  0.0  0.0  
55.0  0.0  10.0  
55.0  0.0  20.0  
55.0  0.0  30.0  
55.0  0.0  40.0  
55.0  0.0  50.0  
55.0  30.0  0.0  
55.0  30.0  10.0  
55.0  30.0  20.0  
55.0  30.0  30.0  
55.0  30.0  40.0  
55.0  30.0  50.0  
55.0  60.0  0.0  
55.0  60.0  10.0  
55.0  60.0  20.0  
55.0  60.0  30.0  
55.0  60.0  40.0  
55.0  60.0  50.0  
55.0  90.0  0.0  
55.0  90.0  10.0  
55.0  90.0  20.0  
55.0  90.0  30.0  
55.0  90.0  40.0  
55.0  90.0  50.0  
55.0  120.0  0.0  
55.0  120.0  10.0  
55.0  120.0  20.0  
55.0  120.0  30.0  
55.0  120.0  40.0  
55.0  120.0  50.0  
55.0  150.0  0.0  
55.0  150.0  10.0  
55.0  150.0  20.0  
55.0  150.0  30.0  
55.0  150.0  40.0  
55.0  150.0  50.0  
105.0  0.0  0.0  
105.0  0.0  10.0  
105.0  0.0  20.0  
105.0  0.0  30.0  
105.0  0.0  40.0  
105.0  0.0  50.0  
105.0  30.0  0.0  
105.0  30.0  10.0  
105.0  30.0  20.0  
105.0  30.0  30.0  
105.0  30.0  40.0  
105.0  30.0  50.0  
105.0  60.0  0.0  
105.0  60.0  10.0  
105.0  60.0  20.0  
105.0  60.0  30.0  
105.0  60.0  40.0  
105.0  60.0  50.0  
105.0  90.0  0.0  
105.0  90.0  10.0  
105.0  90.0  20.0  
105.0  90.0  30.0  
105.0  90.0  40.0  
105.0  90.0  50.0  
105.0  120.0  0.0  
105.0  120.0  10.0  
105.0  120.0  20.0  
105.0  120.0  30.0  
105.0  120.0  40.0  
105.0  120.0  50.0  
105.0  150.0  0.0  
105.0  150.0  10.0  
105.0  150.0  20.0  
105.0  150.0  30.0  
105.0  150.0  40.0  
105.0  150.0  50.0  
155.0  0.0  0.0  
155.0  0.0  10.0  
155.0  0.0  20.0  
155.0  0.0  30.0  
155.0  0.0  40.0  
155.0  0.0  50.0  
155.0  30.0  0.0  
155.0  30.0  10.0  
155.0  30.0  20.0  
155.0  30.0  30.0  
155.0  30.0  40.0  
155.0  30.0  50.0  
155.0  60.0  0.0  
155.0  60.0  10.0  
155.0  60.0  20.0  
155.0  60.0  30.0  
155.0  60.0  40.0  
155.0  60.0  50.0  
155.0  90.0  0.0  
155.0  90.0  10.0  
155.0  90.0  20.0  
155.0  90.0  30.0  
155.0  90.0  40.0  
155.0  90.0  50.0  
155.0  120.0  0.0  
155.0  120.0  10.0  
155.0  120.0  20.0  
155.0  120.0  30.0  
155.0  120.0  40.0  
155.0  120.0  50.0  
155.0  150.0  0.0  
155.0  150.0  10.0  
155.0  150.0  20.0  
155.0  150.0  30.0  
155.0  150.0  40.0  
155.0  150.0  50.0  
205.0  0.0  0.0  
205.0  0.0  10.0  
205.0  0.0  20.0  
205.0  0.0  30.0  
205.0  0.0  40.0  
205.0  0.0  50.0  
205.0  30.0  0.0  
205.0  30.0  10.0  
205.0  30.0  20.0  
205.0  30.0  30.0  
205.0  30.0  40.0  
205.0  30.0  50.0  
205.0  60.0  0.0  
205.0  60.0  10.0  
205.0  60.0  20.0  
205.0  60.0  30.0  
205.0  60.0  40.0  
205.0  60.0  50.0  
205.0  90.0  0.0  
205.0  90.0  10.0  
205.0  90.0  20.0  
205.0  90.0  30.0  
205.0  90.0  40.0  
205.0  90.0  50.0  
205.0  120.0  0.0  
205.0  120.0  10.0  
205.0  120.0  20.0  
205.0  120.0  30.0  
205.0  120.0  40.0  
205.0  120.0  50.0  
205.0  150.0  0.0  
205.0  150.0  10.0  
205.0  150.0  20.0  
205.0  150.0  30.0  
205.0  150.0  40.0  
205.0  150.0  50.0  
255.0  0.0  0.0  
255.0  0.0  10.0  
255.0  0.0  20.0  
255.0  0.0  30.0  
255.0  0.0  40.0  
255.0  0.0  50.0  
255.0  30.0  0.0  
255.0  30.0  10.0  
255.0  30.0  20.0  
255.0  30.0  30.0  
255.0  30.0  40.0  
255.0  30.0  50.0  
255.0  60.0  0.0  
255.0  60.0  10.0  
255.0  60.0  20.0  
255.0  60.0  30.0  
255.0  60.0  40.0  
255.0  60.0  50.0  
255.0  90.0  0.0  
255.0  90.0  10.0  
255.0  90.0  20.0  
255.0  90.0  30.0  
255.0  90.0  40.0  
255.0  90.0  50.0  
255.0  120.0  0.0  
255.0  120.0  10.0  
255.0  120.0  20.0  
255.0  120.0  30.0  
255.0  120.0  40.0  
255.0  120.0  50.0  
255.0  150.0  0.0  
255.0  150.0  10.0  
255.0  150.0  20.0  
255.0  150.0  30.0  
255.0  150.0  40.0  
255.0  150.0  50.0  
305.0  0.0  0.0  
305.0  0.0  10.0  
305.0  0.0  20.0  
305.0  0.0  30.0  
305.0  0.0  40.0  
305.0  0.0  50.0  
305.0  30.0  0.0  
305.0  30.0  10.0  
305.0  30.0  20.0  
305.0  30.0  30.0  
305.0  30.0  40.0  
305.0  30.0  50.0  
305.0  60.0  0.0  
305.0  60.0  10.0  
305.0  60.0  20.0  
305.0  60.0  30.0  
305.0  60.0  40.0  
305.0  60.0  50.0  
305.0  90.0  0.0  
305.0  90.0  10.0  
305.0  90.0  20.0  
305.0  90.0  30.0  
305.0  90.0  40.0  
305.0  90.0  50.0  
305.0  120.0  0.0  
305.0  120.0  10.0  
305.0  120.0  20.0  
305.0  120.0  30.0  
305.0  120.0  40.0  
305.0  120.0  50.0  
305.0  150.0  0.0  
305.0  150.0  10.0  
305.0  150.0  20.0  
305.0  150.0  30.0  
305.0  150.0  40.0  
305.0  150.0  50.0  
355.0  0.0  0.0  
355.0  0.0  10.0  
355.0  0.0  20.0  
355.0  0.0  30.0  
355.0  0.0  40.0  
355.0  0.0  50.0  
355.0  30.0  0.0  
355.0  30.0  10.0  
355.0  30.0  20.0  
355.0  30.0  30.0  
355.0  30.0  40.0  
355.0  30.0  50.0  
355.0  60.0  0.0  
355.0  60.0  10.0  
355.0  60.0  20.0  
355.0  60.0  30.0  
355.0  60.0  40.0  
355.0  60.0  50.0  
355.0  90.0  0.0  
355.0  90.0  10.0  
355.0  90.0  20.0  
355.0  90.0  30.0  
355.0  90.0  40.0  
355.0  90.0  50.0  
355.0  120.0  0.0  
355.0  120.0  10.0  
355.0  120.0  20.0  
355.0  120.0  30.0  
355.0  120.0  40.0  
355.0  120.0  50.0  
355.0  150.0  0.0  
355.0  150.0  10.0  
355.0  150.0  20.0  
355.0  150.0  30.0  
355.0  150.0  40.0  
355.0  150.0  50.0  
405.0  0.0  0.0  
405.0  0.0  10.0  
405.0  0.0  20.0  
405.0  0.0  30.0  
405.0  0.0  40.0  
405.0  0.0  50.0  
405.0  30.0  0.0  
405.0  30.0  10.0  
405.0  30.0  20.0  
405.0  30.0  30.0  
405.0  30.0  40.0  
405.0  30.0  50.0  
405.0  60.0  0.0  
405.0  60.0  10.0  
405.0  60.0  20.0  
405.0  60.0  30.0  
405.0  60.0  40.0  
405.0  60.0  50.0  
405.0  90.0  0.0  
405.0  90.0  10.0  
405.0  90.0  20.0  
405.0  90.0  30.0  
405.0  90.0  40.0  
405.0  90.0  50.0  
405.0  120.0  0.0  
405.0  120.0  10.0  
405.0  120.0  20.0  
405.0  120.0  30.0  
405.0  120.0  40.0  
405.0  120.0  50.0  
405.0  150.0  0.0  
405.0  150.0  10.0  
405.0  150.0  20.0  
405.0  150.0  30.0  
405.0  150.0  40.0  
405.0  150.0  50.0  
455.0  0.0  0.0  
455.0  0.0  10.0  
455.0  0.0  20.0  
455.0  0.0  30.0  
455.0  0.0  40.0  
455.0  0.0  50.0  
455.0  30.0  0.0  
455.0  30.0  10.0  
455.0  30.0  20.0  
455.0  30.0  30.0  
455.0  30.0  40.0  
455.0  30.0  50.0  
455.0  60.0  0.0  
455.0  60.0  10.0  
455.0  60.0  20.0  
455.0  60.0  30.0  
455.0  60.0  40.0  
455.0  60.0  50.0  
455.0  90.0  0.0  
455.0  90.0  10.0  
455.0  90.0  20.0  
455.0  90.0  30.0  
455.0  90.0  40.0  
455.0  90.0  50.0  
455.0  120.0  0.0  
455.0  120.0  10.0  
455.0  120.0  20.0  
455.0  120.0  30.0  
455.0  120.0  40.0  
455.0  120.0  50.0  
455.0  150.0  0.0  
455.0  150.0  10.0  
455.0  150.0  20.0  
455.0  150.0  30.0  
455.0  150.0  40.0  
455.0  150.0  50.0  
505.0  0.0  0.0  
505.0  0.0  10.0  
505.0  0.0  20.0  
505.0  0.0  30.0  
505.0  0.0  40.0  
505.0  0.0  50.0  
505.0  30.0  0.0  
505.0  30.0  10.0  
505.0  30.0  20.0  
505.0  30.0  30.0  
505.0  30.0  40.0  
505.0  30.0  50.0  
505.0  60.0  0.0  
505.0  60.0  10.0  
505.0  60.0  20.0  
505.0  60.0  30.0  
505.0  60.0  40.0  
505.0  60.0  50.0  
505.0  90.0  0.0  
505.0  90.0  10.0  
505.0  90.0  20.0  
505.0  90.0  30.0  
505.0  90.0  40.0  
505.0  90.0  50.0  
505.0  120.0  0.0  
505.0  120.0  10.0  
505.0  120.0  20.0  
505.0  120.0  30.0  
505.0  120.0  40.0  
505.0  120.0  50.0  
505.0  150.0  0.0  
505.0  150.0  10.0  
505.0  150.0  20.0  
505.0  150.0  30.0  
505.0  150.0  40.0  
505.0  150.0  50.0  